2430455460 1007452762274070528
2430455460 1078409732665225216
2430455460 1083889461585338368
2430455460 1019996210290032640
2430455460 1059858855134294016
2430455460 1031575416585089024
2430455460 1050033875412373504
2430455460 1036165760685498370
2430455460 1028427499443695618
2430455460 1034059082053738496
2430455460 1016656288955052032
2430455460 1023561113579925504
2430455460 1058417419281096704
2430455460 1007893180224696320
2430455460 1032677694066978816
2430455460 1023592257864134657
2430455460 1066717585188646912
2430455460 1015614209969700864
2430455460 1010913241457815552
2430455460 1046433045677367296
509544122 1010846972352200704
509544122 1067629498298855425
509544122 827690907763765249
509544122 1073626555526443008
509544122 976201367097257984
509544122 950090869008351232
509544122 1035073387201101826
509544122 1063563646880477185
509544122 928739103809536000
509544122 986401805415268352
509544122 1047301780369887239
509544122 1017021193222647808
509544122 1049769084752023552
509544122 1049566788143407105
509544122 1071214328857092096
509544122 1077332681665302528
509544122 997805180761526272
509544122 789188369133604865
509544122 1017908177906511872
509544122 1060663310826143744
874922867535880193 1035507959705595908
874922867535880193 983279638918193152
874922867535880193 981888293301350400
874922867535880193 994578698329305088
874922867535880193 913366955264036866
874922867535880193 999985016020062208
874922867535880193 1032622235616509957
874922867535880193 1050311406745214977
874922867535880193 1076107283980009473
874922867535880193 1005013704000319488
874922867535880193 1031817462361350144
874922867535880193 1019574859511279616
874922867535880193 1057917127263432705
874922867535880193 983279356029100033
874922867535880193 997036706921623552
874922867535880193 884394413975273477
874922867535880193 1001753922288078849
874922867535880193 1039114696358592514
874922867535880193 963741281590661123
874922867535880193 1019576945896509443
3049886297 927646636746199041
3049886297 889587521855860737
3049886297 642034518346612736
3049886297 636638473827524608
3049886297 872524150002339841
3049886297 752258675096559616
3049886297 949038310411984896
3049886297 748661179044757504
3049886297 744132237403299840
3049886297 796830486735757312
3049886297 637346366361092100
3049886297 759880557488508929
3049886297 747221866188800000
3049886297 710979876099063809
3049886297 855170035584831488
3049886297 856534497302634497
3049886297 752296709573709824
3049886297 779405742788976644
3049886297 997051138208911360
3049886297 919626295847407617
966047113376354304 975378233905549315
966047113376354304 974688588821561344
966047113376354304 970304333098209280
966047113376354304 972854862978408450
966047113376354304 976688307894734848
966047113376354304 974827059095650305
966047113376354304 970586431684055047
966047113376354304 971651782479962112
966047113376354304 974668175081181184
966047113376354304 974893135556997120
966047113376354304 972327834520883200
966047113376354304 971308888111878145
966047113376354304 971023591897788418
966047113376354304 979337131779940352
966047113376354304 969209486517899267
966047113376354304 970990651805401089
966047113376354304 974365049564344322
966047113376354304 971650202552684544
966047113376354304 971075383536865280
966047113376354304 974575680745820162
309919121 975769531871145984
309919121 1036287140185993216
309919121 981225692334514176
309919121 1020776221406359552
309919121 990398924539084800
309919121 980472814078537728
309919121 991995027667566592
309919121 1072009193643786241
309919121 1012868924105543683
309919121 975174749201489920
309919121 1086959511921983488
309919121 992923356117663744
309919121 958831959802654720
309919121 994171861415051264
309919121 973371211752267777
309919121 1012373076691079169
309919121 1005531749630300160
309919121 1020027274161254400
309919121 993287857631514624
309919121 961033694386429952
160336218 880891900105965568
160336218 1044397374238470145
160336218 859487853855879168
160336218 1057437562535432192
160336218 997634403013541888
160336218 1077166878156480513
160336218 946882181854511104
160336218 837823293805608960
160336218 965667732287995904
160336218 983846642141970432
160336218 1062865267997339648
160336218 1055765019546112000
160336218 726142600424509440
160336218 1016129347554500608
160336218 911674143480750080
160336218 1040396261055115265
160336218 1059002026321985536
160336218 995467543170043904
160336218 1069804722826006529
160336218 867060519332593664
740991899591450624 1007795228105900034
740991899591450624 1007078628755230720
740991899591450624 982643625489297409
740991899591450624 1009113775146962945
740991899591450624 1008920321234276352
740991899591450624 976398034836905985
740991899591450624 981194634100723712
740991899591450624 995428174308741122
740991899591450624 992880985640448000
740991899591450624 984789416668487680
740991899591450624 990419213058805768
740991899591450624 975921268829671424
740991899591450624 985986313118801920
740991899591450624 1008438389073465344
740991899591450624 1075476727411941379
740991899591450624 984789848165900288
740991899591450624 987050954980814848
740991899591450624 1049800758252720128
740991899591450624 975889340088963073
740991899591450624 989682645561987072
3321901208 1076717910695919617
3321901208 1079389530258468864
3321901208 1072338950063300609
3321901208 1065151564317257728
3321901208 1056765197438746625
3321901208 1058915074734051328
3321901208 1056004456456699905
3321901208 1062314300771991553
3321901208 1079625546714177536
3321901208 1079392660845031424
3321901208 1074131473744052225
3321901208 1071621241100939270
3321901208 1077473251167633408
3321901208 1075266220297863169
3321901208 1076657139014262786
3321901208 1059813832195891200
3321901208 1078585028177588224
3321901208 1071271338529062913
3321901208 1063591454088589314
3321901208 1064321709656891392
828557298268139520 1060351677281136641
828557298268139520 914016112190222336
828557298268139520 892983918755893249
828557298268139520 856828199753449472
828557298268139520 918389728482705408
828557298268139520 981017319890599937
828557298268139520 903778927591780352
828557298268139520 987065926615941120
828557298268139520 956494876660572162
828557298268139520 859907691501584384
828557298268139520 980012121034440704
828557298268139520 913645603615154176
828557298268139520 1065138054996738049
828557298268139520 1082811976974102529
828557298268139520 882502194259415040
828557298268139520 931323862230319105
828557298268139520 996258087794163712
828557298268139520 1014629779947978752
828557298268139520 881606891486429184
828557298268139520 974409823977578496
882970165 909856111460782080
882970165 961570559589957633
882970165 1051430609472483329
882970165 964418851243933697
882970165 899740974485831680
882970165 986196394791788544
882970165 922419768589656065
882970165 924799479743762432
882970165 1057229964477513728
882970165 970380441428557824
882970165 1024826109509226497
882970165 945264130436370432
882970165 1011205292611158016
882970165 866975400433336320
882970165 965368031919603715
882970165 954323248530927616
882970165 1082283218311761920
882970165 1035485428198006784
882970165 977862060687081472
882970165 919261305214832641
721115738 1082327949507026946
721115738 1056134493260668928
721115738 1069310690148655105
721115738 1081591719995555840
721115738 1073902433804447744
721115738 1077945104093061120
721115738 1081590278581088258
721115738 1070393947715973127
721115738 1072486673425072129
721115738 1048959435215974400
721115738 1076872351852183552
721115738 1067364734717108224
721115738 1062446216955469824
721115738 1053774976598319104
721115738 1064937873496047617
721115738 1078761496480546817
721115738 1054440245037621248
721115738 1062837069180010499
721115738 1074561967447306240
721115738 1059203720557314049
919113959378182145 978990809767907328
919113959378182145 1035416386535870464
919113959378182145 919552847338967040
919113959378182145 1036927205698400258
919113959378182145 919115761272197120
919113959378182145 945643243886272512
919113959378182145 1068768257979629568
919113959378182145 936314484536291329
919113959378182145 945643668916064257
919113959378182145 919481012156899329
919113959378182145 935406287197745152
919113959378182145 1030417617037795328
919113959378182145 1004222523821654016
919113959378182145 1040230790855118848
919113959378182145 1036099389071273984
919113959378182145 919115243829301248
919113959378182145 978876490090770434
919113959378182145 1069488282986315781
919113959378182145 936546501395976192
919113959378182145 1051454385207865344
810504314464718848 990410364801069056
810504314464718848 995863857338896384
810504314464718848 991709005855649794
810504314464718848 994444427551625216
810504314464718848 993959173229494272
810504314464718848 990561356242763782
810504314464718848 991376737396080640
810504314464718848 987737848374685696
810504314464718848 987644640437321729
810504314464718848 995287544244781056
810504314464718848 1000194910459387905
810504314464718848 993231477318955008
810504314464718848 986348597456265216
810504314464718848 995846185393901568
810504314464718848 992267702285692928
810504314464718848 990724992269598721
810504314464718848 1001128534427947008
810504314464718848 1004133277710495744
810504314464718848 996797479529017344
810504314464718848 984171861780017152
1466190138 900802355582599168
1466190138 885944184649265156
1466190138 1016629032434061312
1466190138 930757723305558016
1466190138 1005395047078981633
1466190138 853917915803918336
1466190138 897404359759208449
1466190138 1004555055251513344
1466190138 1003489392034484224
1466190138 893188174507380736
1466190138 907551221703090176
1466190138 861400547080929281
1466190138 902931205380825089
1466190138 884720679542599680
1466190138 1015904166999293952
1466190138 839074888191135744
1466190138 850600502748434432
1466190138 855809801166757888
1466190138 863702725095063552
1466190138 973139484018597888
110944746 385840264729751552
110944746 492738194375733249
110944746 1026644770800787460
110944746 361915773767262209
110944746 971131393110659072
110944746 424262617541013504
110944746 368422308794204160
110944746 995178186068635648
110944746 899729652780085250
110944746 715602347486015488
110944746 914707179713654785
110944746 775055445501308960
110944746 643299682815504384
110944746 356927805830864896
110944746 992630863719489536
110944746 707292563334701056
110944746 438161549346091008
110944746 1010265461219610626
110944746 282874053155491840
110944746 834540912957071361
2181568466 969435348286586881
2181568466 1058327956093775873
2181568466 1086201245939916800
2181568466 1054367753283358721
2181568466 1058201454941327361
2181568466 964472618467250176
2181568466 1004368522430935040
2181568466 1013317100155297792
2181568466 996917934835445761
2181568466 1047634926089064448
2181568466 947128015460249600
2181568466 961998647729692672
2181568466 1051404022341496832
2181568466 1045723812304629760
2181568466 968097355319799808
2181568466 988045095499788288
2181568466 1022408596577968128
2181568466 961424009614299137
2181568466 1080704635969499136
2181568466 1039384094210052096
39117561 1087073183457599488
39117561 1034181072442015752
39117561 1001365879429398528
39117561 1082024156588322816
39117561 962432587208814592
39117561 1064221960379527175
39117561 1083002869362630656
39117561 955071840308908032
39117561 1014966638305775616
39117561 1001593702975000577
39117561 1027518915990224902
39117561 954047601254465541
39117561 1066623046641963011
39117561 1000281722351742976
39117561 1011252715203293185
39117561 1080045512299085824
39117561 980186405463822336
39117561 1019705628154048513
39117561 1046017965429313541
39117561 1022235989668970497
801558204564066304 896020061365862400
801558204564066304 981579714262454272
801558204564066304 1047147559528091650
801558204564066304 1057668809170042880
801558204564066304 1047526877659897857
801558204564066304 913082863473577989
801558204564066304 981528416351637504
801558204564066304 984019273021607936
801558204564066304 971533643591151618
801558204564066304 981528499109449728
801558204564066304 1070391023929581568
801558204564066304 908036279081807879
801558204564066304 902872134812356608
801558204564066304 1050059530699239424
801558204564066304 1044976388829261826
801558204564066304 1052575580586237953
801558204564066304 971700499291439109
801558204564066304 897393743355162625
801558204564066304 1044979454861348865
801558204564066304 1052575593420607488
2600636850 1081613160010797056
2600636850 1071595817452990469
2600636850 1070352788071186432
2600636850 1047540995720499200
2600636850 1048275411623337984
2600636850 1083485350993965056
2600636850 1072665711770853377
2600636850 1068329115936161792
2600636850 1057890643932901376
2600636850 1070856319970664448
2600636850 1084968656944025600
2600636850 1085077590040170497
2600636850 1083463992385785856
2600636850 1057304429697748993
2600636850 1064511126799450112
2600636850 1082153713693687808
2600636850 1058882507804860416
2600636850 1052237959439634432
2600636850 1050367581473755136
2600636850 1066346675868917761
2180951624 742550894005387264
2180951624 949008718502514688
2180951624 884167843000053760
2180951624 876264191518269441
2180951624 934133903769645056
2180951624 480220911941865474
2180951624 480219361500614656
2180951624 610897518994391044
2180951624 1002455218691432448
2180951624 747460095928307713
2180951624 900890116167798784
2180951624 989912194308599809
2180951624 828288487640145922
2180951624 721988808523313152
2180951624 684226880266977280
2180951624 893402095549915136
2180951624 1055995689883369472
2180951624 744559731285565440
2180951624 924850837326843905
2180951624 933866150957592576
361151953 811082831476596736
361151953 730857074947657729
361151953 862421865721212928
361151953 1037642963093008384
361151953 717246948714131456
361151953 704173483450867713
361151953 867841810881794048
361151953 991699504964489216
361151953 946703563673268224
361151953 1004083163881189376
361151953 747500413960716289
361151953 782295044078264320
361151953 1064265675299045379
361151953 875099364338827264
361151953 765434650999267328
361151953 1067701703552757760
361151953 1055237973120294912
361151953 890467740401762304
361151953 859323314640232448
361151953 983597748133007360
3663484457 966452581554892800
3663484457 965292002148585472
3663484457 929279370618949634
3663484457 887243766880403457
3663484457 996807075933061121
3663484457 963107699880873984
3663484457 894507817708777472
3663484457 961608474487672832
3663484457 836951816994701313
3663484457 927525266498445312
3663484457 962354011037945857
3663484457 894291390628319232
3663484457 928231831169888256
3663484457 997817280607203328
3663484457 1006823527738167296
3663484457 803939667922087936
3663484457 894911560031903744
3663484457 907517645653766144
3663484457 939068735729668096
3663484457 915625091517558784
808079114301214720 1002592743661727744
808079114301214720 969916556330328067
808079114301214720 842939554822807552
808079114301214720 811613572430262272
808079114301214720 810542842007392256
808079114301214720 823686471194464258
808079114301214720 815190198158065664
808079114301214720 899212273868308480
808079114301214720 895319122845720577
808079114301214720 1027525224412209152
808079114301214720 842926329066655744
808079114301214720 895168127151071236
808079114301214720 826213992016273408
808079114301214720 1027466296433233920
808079114301214720 895352135168266245
808079114301214720 850329861772234752
808079114301214720 845722251823583239
808079114301214720 895061785719472128
808079114301214720 825675435254173696
808079114301214720 895074317121318912
366524950 372723246443274241
366524950 631837616967667712
366524950 527793864351154176
366524950 805698300288663552
366524950 379587215723986945
366524950 352830221155713024
366524950 683947246304530432
366524950 709668064510382080
366524950 484279093815697408
366524950 277009238772047872
366524950 440507007628361728
366524950 474507204146757633
366524950 581046066990227456
366524950 464429192315416576
366524950 684715473070616576
366524950 799249487642447872
366524950 626375304597123072
366524950 509785592570585088
366524950 677073264548700160
366524950 679602401746259969
292352070 601464010425257986
292352070 760882648306679808
292352070 824976503410601984
292352070 641496371258900480
292352070 775655405179371524
292352070 720902027170045952
292352070 709261576558129154
292352070 1053966653871013888
292352070 694969614279639040
292352070 968560683330801664
292352070 771417852414799873
292352070 832119077032189952
292352070 301239410027016192
292352070 363417476073144322
292352070 803846720274780160
292352070 961515226955964416
292352070 1017070890947923968
292352070 732488362217459713
292352070 567569974802530305
292352070 634761101910122497
826417488833478657 874394384044830730
826417488833478657 986613307074338816
826417488833478657 839205229589585920
826417488833478657 1002478693892141056
826417488833478657 981161700043849728
826417488833478657 843866609567461378
826417488833478657 1035199067285086209
826417488833478657 904699052197117953
826417488833478657 892739697050624000
826417488833478657 987771057133285377
826417488833478657 1019227320081625088
826417488833478657 1014147284114857989
826417488833478657 832286502927351808
826417488833478657 1014577698293903361
826417488833478657 1061056618392158209
826417488833478657 995272799211180032
826417488833478657 1014523852502847489
826417488833478657 994220764428689408
826417488833478657 986976294268293120
826417488833478657 993125654324539393
860165851 1083402436491051008
860165851 1055108508830588928
860165851 1053310181269012481
860165851 1046793349678747648
860165851 1050064305427759109
860165851 1063310091154309120
860165851 1034098834719289344
860165851 1053717683886272515
860165851 1028682500137209857
860165851 1076948133702180864
860165851 1032039431551766528
860165851 1027286085800550408
860165851 1037200174437879808
860165851 1033086180093386752
860165851 1078775861149687809
860165851 1076600479352844289
860165851 1034082922578493442
860165851 1074224197767979009
860165851 1040165468085080064
860165851 1075260795666292737
371575492 967000642211532800
371575492 581637045187174401
371575492 930867013697835008
371575492 450720148555460609
371575492 481946739872522240
371575492 476486992440487936
371575492 572638326357803009
371575492 1050681857250078720
371575492 1017346920417775621
371575492 1082755337176920065
371575492 464925227265163264
371575492 164792100339195906
371575492 656946021969227776
371575492 672637446576734209
371575492 468832357785407489
371575492 459843247683018752
371575492 618296174705930240
371575492 586507435126431746
371575492 187942841954213889
371575492 502123692562739201
2400880579 978849091978481664
2400880579 891059295093088256
2400880579 991582836632236032
2400880579 1009116177941975041
2400880579 1019077772394676225
2400880579 644536289644048384
2400880579 659235029680156672
2400880579 634676723875885060
2400880579 972750395473711104
2400880579 672486740427345921
2400880579 649723431441711104
2400880579 672083840899276800
2400880579 615823482979364865
2400880579 844340586119217152
2400880579 808354586666774528
2400880579 965720559664287744
2400880579 977921761399287808
2400880579 886323378507755520
2400880579 966261760062730240
2400880579 617025344579579904
405071051 1038186834801684484
405071051 1036450905653223425
405071051 624178844354936833
405071051 869328084729835525
405071051 485465690951127040
405071051 1034899151941709824
405071051 975012235545382912
405071051 275255786098286595
405071051 725502367114862593
405071051 772449262424715264
405071051 1041393094153920515
405071051 1081038608012853248
405071051 1021329684934676480
405071051 1050926047049453568
405071051 815194351848587264
405071051 1028672896107991040
405071051 1036804913689493504
405071051 486629240260268033
405071051 809853530664292357
405071051 1080085711221649408
1601076024 617403880742223872
1601076024 647094416461709312
1601076024 661283836077166593
1601076024 724935661422272512
1601076024 894229087975329792
1601076024 850763833757102082
1601076024 658358031223271424
1601076024 814245134665678848
1601076024 970767071540858880
1601076024 559343334842703872
1601076024 984071452063387649
1601076024 695349162745835520
1601076024 579034917134327808
1601076024 789583056638181376
1601076024 597768671373750275
1601076024 687629047392813056
1601076024 579033788505788416
1601076024 543789402749947905
1601076024 746746338281422848
1601076024 370165323313340416
845554861559103488 1019921115362209792
845554861559103488 1048795020784893952
845554861559103488 1080716124709216256
845554861559103488 1074234744613699584
845554861559103488 1061629861402337282
845554861559103488 1068376153772027904
845554861559103488 1063198804646617088
845554861559103488 1039346410473238529
845554861559103488 1043454570729431040
845554861559103488 1023574047395729408
845554861559103488 1045814574706909187
845554861559103488 1057017380751138817
845554861559103488 1066548824083058688
845554861559103488 1040222117587894272
845554861559103488 1066837980252229632
845554861559103488 1020691395713982464
845554861559103488 1061161857782706178
845554861559103488 1032886572759179265
845554861559103488 1023173279480074242
845554861559103488 1063479271228731392
930116405105639424 1077909169607331841
930116405105639424 1078894873699246080
930116405105639424 1077815079007965184
930116405105639424 1078337082949394432
930116405105639424 1082292188577296385
930116405105639424 1086576892050735104
930116405105639424 1086576036760801280
930116405105639424 1080481680702357507
930116405105639424 1079040024551686144
930116405105639424 1083570542219677696
930116405105639424 1083378489431011329
930116405105639424 1080432658906116097
930116405105639424 1086878626174296065
930116405105639424 1078636991267233792
930116405105639424 1085767494478921729
930116405105639424 1083994866193821696
930116405105639424 1081196488573607937
930116405105639424 1084679610959257601
930116405105639424 1081431663622549504
930116405105639424 1080453202879729664
131630586 1039277655999303687
131630586 984183483340869632
131630586 994638329063923713
131630586 999908115582664704
131630586 967523640643346432
131630586 1018534301917483008
131630586 1054432560640593922
131630586 1076416435679883265
131630586 975421803093987330
131630586 971831207469207554
131630586 1010199868420304898
131630586 973494166025011200
131630586 983053958393614338
131630586 972913217730203650
131630586 982721446970646529
131630586 982723656655802374
131630586 994875607099039744
131630586 1001047718775738368
131630586 965288365439569921
131630586 972908915955560448
23344215 1081597867440128000
23344215 1061612790320893952
23344215 1027519473568411648
23344215 955907219584937984
23344215 970584908052811776
23344215 1056254878618652672
23344215 1069322695257612288
23344215 995755995346464768
23344215 1075140591489609728
23344215 1006674007473745922
23344215 990253879739781121
23344215 1026138152728252422
23344215 1075121471683510272
23344215 1042509259567718400
23344215 1037101898204106757
23344215 1002609399473561600
23344215 995785594696617985
23344215 1026571402416148480
23344215 1047181958906896385
23344215 1064230599551066112
707287894235291649 953942360622211072
707287894235291649 896312141233258496
707287894235291649 1039287569991720960
707287894235291649 897033081802051585
707287894235291649 805512059404173312
707287894235291649 835043742180507648
707287894235291649 985504174929408000
707287894235291649 1087205989219164160
707287894235291649 828697113009680384
707287894235291649 926013099999608832
707287894235291649 839581724136726528
707287894235291649 1051917952834912256
707287894235291649 1080315796247609344
707287894235291649 843554858925879296
707287894235291649 1005967899486384128
707287894235291649 761857495459438593
707287894235291649 1064423683727347713
707287894235291649 1014436306246500352
707287894235291649 977936593720717312
707287894235291649 1034208727040061440
2769688963 652744258496151552
2769688963 652484773693235200
2769688963 681496882938515456
2769688963 958665406473961472
2769688963 963135619441491969
2769688963 731103855820349440
2769688963 933030172156145671
2769688963 506675092106272768
2769688963 734387307957096450
2769688963 981122193160581120
2769688963 583369659128422400
2769688963 969655947319824384
2769688963 625755679228329984
2769688963 658209808223485952
2769688963 506673239490564096
2769688963 672432146452258820
2769688963 549335763813273600
2769688963 573952246096007168
2769688963 639790988668628992
2769688963 658209851680628736
2287924298 1010536833560690689
2287924298 1018300838689718272
2287924298 993796737838923776
2287924298 587184063825326081
2287924298 1073701180243566592
2287924298 922369864035160064
2287924298 857837878067462144
2287924298 671629969643188224
2287924298 612598302442323968
2287924298 1028160197729181697
2287924298 733538844134383616
2287924298 709679201276723200
2287924298 902495484547346440
2287924298 969453298158891008
2287924298 1001402938110218241
2287924298 601951562840276992
2287924298 608877342031814656
2287924298 666495009970110464
2287924298 889133198512226304
2287924298 601953321713270785
867003349106905088 1074661925756252161
867003349106905088 1028318330204119041
867003349106905088 1011830467732103169
867003349106905088 1029217947275997184
867003349106905088 1046382999007309825
867003349106905088 1084873620537700353
867003349106905088 1044890785320226816
867003349106905088 1047684928765353984
867003349106905088 1045415395690205185
867003349106905088 1050729555663687680
867003349106905088 1026788452426231808
867003349106905088 1018875756338917376
867003349106905088 1076933716856000514
867003349106905088 1020291539229175809
867003349106905088 1013453461231489025
867003349106905088 1026763767407763456
867003349106905088 1020715146077982721
867003349106905088 1026854315707846658
867003349106905088 1024087457573347328
867003349106905088 1035684203805986816
2730647291 777030877767430148
2730647291 1080875297594097667
2730647291 871132652409106432
2730647291 1047849040128368646
2730647291 766971874807087104
2730647291 891557220659408896
2730647291 970435575890239489
2730647291 961330231813595137
2730647291 870317268412116992
2730647291 802251059657904128
2730647291 1069029187565047810
2730647291 738057187210235906
2730647291 968181695051681793
2730647291 901358528832647169
2730647291 861522074346680320
2730647291 1021781927173517312
2730647291 807326357248217088
2730647291 748603838203039746
2730647291 963064613628776448
2730647291 943031096991723525
2480823876 862693029597122560
2480823876 945084829263114243
2480823876 916790962881429505
2480823876 1049744751006769153
2480823876 807184247350063104
2480823876 1014964361239154688
2480823876 794118965777891328
2480823876 1080935318495342593
2480823876 849275864223240193
2480823876 968527511641608197
2480823876 1049401782592507905
2480823876 945294979831869440
2480823876 951416841896955904
2480823876 1018055417082122240
2480823876 1030539142210433024
2480823876 949224059035844609
2480823876 1066031195618725888
2480823876 1070008047517470721
2480823876 753605105727991808
2480823876 1027592650545917953
388843585 984364622781272064
388843585 985858891274706946
388843585 962481153469923328
388843585 1048187922296524800
388843585 1079407864962342912
388843585 1045777951676092421
388843585 967373384014286848
388843585 963709007402864640
388843585 934711033167532032
388843585 927934252540399616
388843585 978003524687671296
388843585 986255606309900294
388843585 1080799658878910464
388843585 981069570231455745
388843585 1082333651860373505
388843585 1040991062603509760
388843585 977453859491794944
388843585 931634410449002496
388843585 1003243404405428224
388843585 987035681162780673
138424939 1077970662822694912
138424939 1074072807791841281
138424939 1075135309694820357
138424939 1081670022160883713
138424939 1072918041808265217
138424939 1081256721916530693
138424939 1072965036203802624
138424939 1080950834245103622
138424939 1080954420089815044
138424939 1081874148761194497
138424939 1082646179270328320
138424939 1074642632125661185
138424939 1079801966497316867
138424939 1081303061090443266
138424939 1081515066644725760
138424939 1074378526361559040
138424939 1080934629568327682
138424939 1072567126941155328
138424939 1078697752127770630
138424939 1081298033197965312
848015547891679233 1063719970910150656
848015547891679233 1065781051191189504
848015547891679233 1078683569420156929
848015547891679233 1084557272829886464
848015547891679233 1083923093817569280
848015547891679233 1070288250852532225
848015547891679233 1084225086155091971
848015547891679233 1078562772407873536
848015547891679233 1075920363274596352
848015547891679233 1067592989978046465
848015547891679233 1071458461962199050
848015547891679233 1076456395132887041
848015547891679233 1076781032358187009
848015547891679233 1072100188506992640
848015547891679233 1068038425633271808
848015547891679233 1073315697994948610
848015547891679233 1078751515735744512
848015547891679233 1064059707286003712
848015547891679233 1082096054353518593
848015547891679233 1069080290017071105
114367325 971406580448022528
114367325 1067920744795926530
114367325 1021241984072146945
114367325 719409054343372800
114367325 1011409584106270721
114367325 870097448470892544
114367325 1032197414021525504
114367325 810553247039504384
114367325 1026599269619314689
114367325 1012902990536011776
114367325 777706335693438976
114367325 1005219681698041858
114367325 822408846903808000
114367325 1048884919143784448
114367325 750963139450179584
114367325 1044565404910215170
114367325 1074313908616232960
114367325 976039148929732609
114367325 1076296041031319552
114367325 954629556287160320
915427264610713601 1049396585354936321
915427264610713601 1041621730987401216
915427264610713601 1060268382753189888
915427264610713601 1015646870331428865
915427264610713601 984180785900081152
915427264610713601 1021941573016272896
915427264610713601 1084533262511271936
915427264610713601 979847163139186688
915427264610713601 1022931227085422592
915427264610713601 933779273785139200
915427264610713601 984675626157268992
915427264610713601 990539322481872896
915427264610713601 1022984627433218051
915427264610713601 1084168483867217920
915427264610713601 984596730086912007
915427264610713601 959910894116462592
915427264610713601 985641078375104512
915427264610713601 974411627255668736
915427264610713601 1025949541307015168
915427264610713601 1031998294291968000
398572860 756772046026186753
398572860 376400766564859904
398572860 638977701529931776
398572860 738959324693864449
398572860 752833328189956096
398572860 1010777721167925249
398572860 1064780427989266434
398572860 976142770065887238
398572860 980399687206391808
398572860 859062017486983168
398572860 757864091654483968
398572860 922555036726710272
398572860 965242572816945152
398572860 715821040295878657
398572860 817017440693587968
398572860 1082921962127740929
398572860 973543319929311237
398572860 734783482434605056
398572860 986301941910253568
398572860 1037227688812060672
861854683 994087322353328128
861854683 1001729230789599232
861854683 935830350005198848
861854683 1042399241954648064
861854683 969172879731576832
861854683 1010091963117432832
861854683 969126198046609408
861854683 964023322509012992
861854683 974616821558120448
861854683 958622178207043592
861854683 953548172764286978
861854683 932949544517668864
861854683 972383068630773761
861854683 982659328233500674
861854683 978880471726804992
861854683 952890879831957505
861854683 968468732224987136
861854683 956814819742625792
861854683 931053095538348033
861854683 1070655619399671808
813287761994190848 1082608186228645888
813287761994190848 1081168639187914754
813287761994190848 1080174040654987264
813287761994190848 1081463629520748544
813287761994190848 1071513686509043712
813287761994190848 1084982233331654657
813287761994190848 1077549993551187969
813287761994190848 1084601566588485632
813287761994190848 1068405430358032384
813287761994190848 1068116144475832330
813287761994190848 1081619453043970048
813287761994190848 1084842120459022336
813287761994190848 1069909767492128770
813287761994190848 1072189908167639041
813287761994190848 1070264199811612672
813287761994190848 1080953333110763522
813287761994190848 1066693557854048257
813287761994190848 1083310226382749697
813287761994190848 1081536172164370432
813287761994190848 1077081951595577344
